camera_matrix {
  fx: 2574.8525136918583
  fy: 2577.8386276075385
  cx: 728.28013515910732
  cy: 615.14684403893477
}
dist_coeffs {
  k1: 1.1805409390803796
  k2: 0.7103736930547377
  p1: -0.09175630209054893
  p2: 0.01037885283955935
  k3: 0
}
SN: H10-C09140002