camera_matrix {
  fx: 2574.8525136918583
  fy: 2577.8386276075385
  cx: 728.28013515910732
  cy: 615.14684403893477
}
dist_coeffs {
  k1: -0.65852826754024862
  k2: 0.4211313560685655
  p1: -0.010785303124367479
  p2: 0.024726436335269972
  k3: 0
}
SN: 1080